genes	logFC_TgvDMSO_6h_MGN3	logFC_TgvDMSO_24h_MGN3	logFC_Tg_24hv6h_MGN3	FDR_TgvDMSO_6h_MGN3	FDR_TgvDMSO_24h_MGN3	FDR_Tg_24hv6h_MGN3	MGN3_DMSO_24h_2	MGN3_DMSO_24h_3	MGN3_DMSO_24h_4	MGN3_Tg_6h_2	MGN3_Tg_6h_3	MGN3_Tg_6h_4	MGN3_Tg_24h_2	MGN3_Tg_24h_3	MGN3_Tg_24h_4	avg_expression
1700010I14Rik	1.08357622693345	0.726406646997273	-0.357169579936176	0.037856929930531	0.0866831568717075	0.466004029917246	2.05131939050233	2.16577437590404	2.08031936646774	5.39482284527398	5.04992486821032	4.69808187469471	3.52986251164275	3.22246057094643	4.25996433414894	3.6058366819768
1700049G17Rik	0.763910508143821	0.452182523259701	-0.31172798488412	0.0375197586035772	0.12357175734717	0.360517065271849	6.21813466218665	4.39641725073972	5.71737728006982	9.83318498263614	10.1106154991928	11.2358029176269	8.69960563556371	7.27270917846627	7.66638936400728	7.9055818633877
2610301B20Rik	0.888645733378069	0.192626676499156	-0.696019056878913	0.0455281437832839	0.632285325974966	0.102895723255339	2.42137964576317	1.90012010162704	2.25914434938315	4.35787739236656	5.449739101235	3.75204016826523	2.72552167349912	2.97715171375008	2.31940213480471	3.12915292007712
2610307P16Rik	2.19165449527457	0.390890597385362	-1.8007638978892	0.00659201398038243	0.494103052091875	0.011250172661198	0.466358618182201	0.208478029811994	0.3570321186337	1.90441032034296	1.58017576965835	1.91307326739424	0.564759002401026	0.480696633055039	0.401948712725302	0.875214719133868
4930481A15Rik	1.81461982452084	1.90965813091737	0.09503830639653	0.0187767723430026	0.00635348449545568	0.90693125833273	0.253620969233028	0.172333232073692	0.217465546594879	0.983896198783999	0.834525232324728	0.750763249602226	0.885394037606391	0.596034060490845	1.0554173265477	0.638827761473054
5430405H02Rik	1.27010367237218	0.519902824921509	-0.750200847450671	0.0234455060180812	0.211638248489255	0.114357429817911	30.8173631996152	21.2998599335978	34.9414986027512	91.4048939110323	58.1331198328345	89.9841478965362	48.2827216092108	54.3762819471608	31.5647959698988	51.2005203225153
8030423F21Rik	3.15669468439353	4.67943034190816	1.52273565751463	0.0255629632543772	0.000912717744760233	0.039539972037053	0.0348965167464402	0	0.0267158723376487	0.270754821901795	0.291222785616244	0.21978703430224	0.66449555421868	0.763820716496964	0.672306623427023	0.327111102783004
9130023H24Rik	0.988445175890604	0.814453285993022	-0.173991889897582	0.0346532816566583	0.0364153608033704	0.72672039649763	0.663475428558134	0.413115706185141	0.715125573832576	1.21582151615715	1.22290958891717	1.56015271488695	1.05974515771874	1.24706384842274	1.0259504751106	1.01370666775436
9930104L06Rik	1.15422871044493	0.794149719171071	-0.360078991273863	0.0425289746553254	0.087136117550054	0.520886847906909	7.37045830738307	5.47767719379498	10.9796226114333	23.8036119014076	13.8028838902808	22.7753026883358	17.2266735811394	17.5123409525661	9.58481152225604	14.2814869609552
A730017C20Rik	-1.00637685409328	-0.845987019956893	0.160389834136387	0.0350612519792875	0.0339253918989504	0.764885085345794	4.27034070182698	4.12741124528568	3.71890330009174	2.31643994678311	2.37777050560469	2.14818640878389	2.32995267143891	2.21305651287552	2.61664850833366	2.90207886678046
Ablim1	-1.18809186158282	-2.56035453204177	-1.37226267045894	0.0410230201792025	0.00113077558819257	0.0336190148283921	3.02872867365308	2.7437711666868	1.57378946832196	1.26534565261934	1.1600365593744	1.26236213663462	0.434937491573498	0.50521219681923	0.402645870799629	1.37520324627584
Acot7	-0.982663066167226	-1.86870071287231	-0.88603764670508	0.0247830803393557	0.000912717744760233	0.0353367368227727	146.805494276648	107.048727994965	161.836937436965	94.3653684247498	53.0503037733668	92.904191412773	43.9436856990748	43.7368473326955	33.3578658374278	86.3388246876295
Acsl5	-0.890716545046694	-0.00182031699968311	0.888896228047011	0.0243688131896892	0.997105673270596	0.0256625223394103	7.74647546996447	6.9340406482576	9.90238906361567	5.07554309856526	4.14593905409352	5.84103248834827	9.14841162541367	10.3153844513456	6.82590503861088	7.32612454869055
Adgra2	-0.727356371864604	0.0564159985272771	0.783772370391881	0.0281919286473039	0.859392770517731	0.0235985409607464	21.4833257870125	17.6443819637354	23.1971827300933	14.4477056441199	12.6295953834418	15.540664548931	23.3881085830221	23.8772680859284	21.5502623087662	19.306499448339
Aga	-0.8989151722559	-0.723810081152643	0.175105091103257	0.0193202233368494	0.0188980763135826	0.629267620371747	26.2407795193546	24.7121686491764	25.5312441608841	17.7484462660646	14.9063957992272	13.9304911196315	16.3855390076508	19.3619862040558	13.9993259436993	19.2018196299716
Agpat3	-0.613407425214137	-0.293333203411718	0.320074221802419	0.0472525350316294	0.246195169486018	0.27526170405219	14.0850962757994	12.0019562189001	13.5529977701567	10.808315204782	7.53032010171352	11.3122017489769	12.3480413532645	12.8106420239775	9.51993584195741	11.5521673932809
Agt	-1.3004928513239	-1.77594166573683	-0.475448814412933	0.0471638226544794	0.00757656081879471	0.454687458932517	148.832892157049	96.5534442929262	192.487368204839	79.8581845379674	39.323359124616	83.5774563523369	43.1710559147092	63.5224300951888	29.4919167349054	86.3131230460598
Ahsa1	-0.904568955382582	-0.440794695926367	0.463774259456214	0.0403151756278519	0.212542931157562	0.258005359240971	53.1233277770999	71.0889196031554	69.4130142852766	41.1892089433912	31.3429642930408	47.0793748839315	49.2835272901051	50.1928038571271	53.3342217934237	51.7830403029501
Ahsa2	-0.949162091604378	-0.605502719961017	0.343659371643361	0.0192579260345784	0.0471638321129897	0.312851706706293	48.2370425289481	48.2796825161551	52.7057441346537	28.5131502814501	30.7584341625867	28.0002456206239	33.0422869368074	36.4471402507045	34.9596960290587	37.8826024956654
Alkbh1	1.05751202411721	0.191921646358322	-0.865590377758884	0.0166452663574896	0.575346540957046	0.0338720487800333	8.47949331628709	6.1295123424421	8.20092701954561	21.8718838408281	15.1368561769272	16.7958967522775	11.2725291067087	9.58659049805302	7.03853674758926	11.6124695334065
Anpep	-1.73887434038892	-2.96479402650444	-1.22591968611553	0.0257677061917365	0.00138682353886497	0.0796884703087764	357.284163057664	322.465620074214	226.084166517173	112.213443805725	106.398203382748	89.9472043711528	31.3014071455915	32.9315053087096	57.2111926954414	148.426322928713
Arhgap39	1.12533557673055	0.388664793937566	-0.736670782792985	0.0234455060180812	0.294360018102208	0.0886759722938971	2.71195490459191	1.68082252845063	2.95000018737588	7.03906112897232	4.41943241456166	6.71241969460285	4.12537692820587	3.09048126035989	2.96008059854662	3.96551440507418
Armcx2	0.989733448147211	1.53357466119167	0.543841213044455	0.0376147126617762	0.00319266832812654	0.210387535889634	5.74540433460404	3.03784346970589	3.48387135782191	10.4978296996648	8.24674871891484	8.63311705548439	15.3116380364913	13.1849119930225	9.39760065801446	8.6154405915249
Atp5a1	-0.768721554067137	-0.690044615531946	0.0786769385351916	0.0444129820943613	0.0354582328097948	0.869306562360862	557.267090810199	606.262984685218	598.935683302367	454.682705574925	307.229884234712	430.913068963571	425.460975868067	424.882271822878	329.175729400373	459.423377184701
Aurka	-0.709760548227287	-1.22923178429847	-0.519471236071179	0.038423137006733	0.00204883525755237	0.109776590533867	682.744620865232	661.079831889338	875.770618634282	561.60207625875	397.651363460707	592.187460396786	337.979051264476	366.219932689648	305.283399828274	531.168706143055
Axin2	0.68398516487516	0.26616891790356	-0.4178162469716	0.0356580157419205	0.307868604318997	0.161833374739293	55.9545555571166	44.4903982925645	46.3210719573537	91.627087771905	82.0838029342628	93.5857083961237	65.8486749994319	63.9201123699456	58.3497170441464	66.9090143692056
Bbs4	0.95205998886619	0.281900801049653	-0.670159187816537	0.0289718658305758	0.416274565806867	0.0885445967799224	2.12235204008231	1.5087110470903	2.00230088534927	4.28305431957407	3.69313606035169	4.33755859330385	2.49183115725552	2.12391157963589	2.59167935506856	2.7949483375235
Bend4	0.696773008558815	0.765633902548876	0.0688608939900608	0.0338774418415331	0.010992809697169	0.860893128682833	27.577893540217	20.5384156654403	26.6962917604074	45.6103314563257	41.7345249860766	49.5119780976934	55.0918233746124	42.9461256629031	37.7405169205312	38.6053223849119
Bpnt1	-0.939167090431533	-0.448542170926295	0.490624919505238	0.0165878676407946	0.104355979548331	0.131196065228105	132.332929471244	88.9525888312584	138.326530341989	70.5043020547157	66.3828205095489	73.2853107209629	98.5828594258986	104.997508949527	76.2022129554268	94.3963403622857
C1ra	-1.8196271684547	-0.737057741899059	1.08256942655564	0.0262155835098884	0.192836999451599	0.15206681611289	0.499081644548802	0.435256538068761	0.370143897133087	0.193613538517495	0.0743749767304423	0.13506546152474	0.284608727678503	0.323407343626637	0.225355516205846	0.282323071559368
C2cd5	0.722575108072811	0.756344130509106	0.0337690224362944	0.0362743132207346	0.0144155237818168	0.941520723528761	7.89683802233752	6.99117785274445	8.40774457410057	13.781600022471	14.8000617590177	14.7054826780883	14.85042561455	13.1818951731653	13.7729081127598	12.0431259788038
Cblb	1.04403992725368	0.425572711429492	-0.618467215824193	0.0182776901531025	0.178052100064781	0.0989090589209458	136.884964020177	106.453493517594	112.078686171604	271.461404646694	293.305967961741	258.391120272757	177.376102586692	155.257259305276	173.097268222025	187.145140744951
Ccser1	0.726877488796652	1.09449628155533	0.367618792758676	0.0320917311755591	0.00272384292711062	0.221669607253428	17.6153853186185	15.3971536513459	16.0272970798944	32.1537277762611	28.2777732708423	31.7410455439097	38.3603674323557	36.8852886454084	36.2582541941811	28.0795881014241
Cd302	-1.09761914386675	-0.118905819883191	0.978713323983557	0.0326052881864952	0.805451358278531	0.0502536938684711	1.84800841584234	1.39665211123301	1.73008304310704	1.15525838430473	0.692426718988581	0.789804318197361	1.61704447046392	2.03159960676491	1.26137115703108	1.39136091399255
Cep85	0.792727842735672	0.546007530668105	-0.246720312067567	0.0348744640637491	0.0702328835874615	0.493497980657781	17.3863060127936	19.5443440515882	17.3856920993241	38.3503641566533	30.7001741699476	39.0772305117718	29.2344748984041	27.2364931439487	28.5015457280943	27.4907360858362
Chchd5	1.13445496877716	1.0539981984169	-0.080456770360258	0.0309218646170534	0.019027012594328	0.900401286869204	1.47778879471255	0.978062893708257	1.64561011032768	3.91355256121019	2.38789969084496	3.96145035344945	3.87601767555808	2.91241391466082	2.31765367352592	2.60782774088866
Clic5	-0.686914919486513	-1.06323556713107	-0.37632064764456	0.0361338496337267	0.00288606166201054	0.209730772412606	7.33479323415674	6.09379419729478	7.06870744745587	4.86517324025117	4.60198759305883	4.92308390543926	3.25892721751885	3.6582427589115	3.48010742083856	5.03164633499173
Col4a1	-1.26571701735355	-0.627809777841143	0.637907239512402	0.0395390696077561	0.199857668828063	0.263801786256481	21.0882069269205	16.0685171968312	26.0119776346175	9.565419361485	5.5908259117	14.9305081244266	12.6598813774203	15.6635533628542	14.6601572641474	15.1376719067114
Cpeb3	1.34192375737179	0.906185481392318	-0.43573827597947	0.0180450066712563	0.0349511220419824	0.352675673739633	5.77179530002173	4.31907819702599	4.31686456771201	10.9180713700434	16.0227862306361	13.8023189448688	8.77610578254107	10.3090696553932	9.53352974725369	9.30773553283289
Cthrc1	-1.76075082043001	-1.91635874472389	-0.155607924293885	0.0403406695130038	0.0177520802953509	0.910891100992746	0.18730420007886	0.164139917769231	0.215092890243381	0.0968836244264666	0.037217011617337	0.0491537055914107	0.0495364659742253	0.0719253550290635	0.040095009171037	0.10126090887789
D11Wsu47e	0.867161442458609	0.391455002811864	-0.475706439646745	0.0470594858453468	0.275861763380135	0.243852908302413	12.6917648406331	9.14660651921635	14.8789849192406	31.8693679171196	18.0349134204399	26.3627066631458	20.8516027173521	17.9882892904005	12.6456772586762	18.2744348384694
Dcaf5	0.759647804722316	0.307140032535321	-0.452507772186995	0.045776005375925	0.332071442121881	0.204560747336832	35.6096965414901	33.720525740588	33.5484406866413	72.1662922608776	63.2310072594402	62.5592541678733	44.7466275530574	40.6971028365814	49.5478062277855	48.4251948082594
Ddx6	-0.75201381473695	-0.223774097622263	0.528239717114687	0.0413045685946479	0.476436107677056	0.132118176620384	56.5399147886809	57.7092290490362	57.6140961540025	38.9630297699523	36.2949272009697	41.0241941316894	47.9060291466151	55.049568459315	53.8543239832132	49.4394791870527
Degs1	-0.695327683077012	-0.70492578707296	-0.00959810399594782	0.0493315324814103	0.0253639629186132	0.983017105403024	189.920342177661	176.274901742173	196.105352043555	128.926161922853	137.978399248473	124.351822296465	119.091095611505	140.034723125676	109.787808114592	146.941178475884
Dgki	1.57110399289939	1.12728420072139	-0.443819792177998	0.0289718658305758	0.0513126632071621	0.461967516123721	0.341170015592977	0.282250865187288	0.225574007750113	0.914441415532405	0.979871839075359	0.940088851227806	0.910497280336789	0.60741126846046	0.448151386226674	0.627717436598875
Diexf	0.637539381597973	0.456628692368955	-0.180910689229017	0.0388168527554167	0.0705808746272846	0.558861912394591	24.9109449255642	24.5063550679363	25.1215866414485	49.054816358758	38.4593634080536	44.9364124002305	38.1358590989536	38.0682779114627	33.3901226761976	35.1759709431783
Dnaja1	-1.19594210939246	-0.867404612339494	0.328537497052966	0.0455281437832839	0.0774781751816374	0.592233365536802	107.094522510656	156.629776532463	126.175325051871	59.5277840293228	67.9278581745145	67.5068803731608	64.816709628849	68.4148136044395	94.5361022633785	90.2921969076284
Eef1g	-0.639477242093592	-0.0924913699251682	0.546985872168424	0.0486304069935031	0.772520421211064	0.0863710416893117	90.1535404059628	92.8542817043737	93.7966739875666	76.3368227599321	54.4712698967797	73.3839743486396	98.673883960883	98.0307917336532	82.3760239440075	84.4530291935331
Errfi1	1.13901256515237	1.67077901878119	0.531766453628825	0.0118574785361192	0.000981776701686937	0.133118932468568	9.28713876427855	5.8115838868141	9.12225604547349	19.3058323223217	17.5481195097532	23.1993588944621	29.8216809939244	30.3470936681287	21.8590431984058	18.4780119203958
Evl	-0.602272187417794	-0.544588500346301	0.0576836870714928	0.0455281437832839	0.0357851498877815	0.881923967241139	26.3889932216657	22.6099024510624	24.9670950477601	20.5118137357422	14.4533628424121	20.7755640790548	19.9118410547173	17.4405632382487	16.7507847130252	20.4233244870765
Ezh1	0.752049159386697	0.299784364415843	-0.452264794970855	0.022806989571171	0.214563299678996	0.111698954389945	28.9065390784047	21.8141268220847	26.7947780276232	57.4029932285235	39.4666693244354	51.7205076691324	35.2734893419474	34.6064893067693	31.4282995548938	36.379321372646
F3	-1.32167990975461	-2.00828316597047	-0.686603256215854	0.0313418558895681	0.00285534176110794	0.222771074499526	1.4258485317179	0.943686639059228	0.951495351339964	0.594554907864141	0.554506770956963	0.342165835862676	0.284333743400553	0.311828562188152	0.27910698007124	0.631947480273424
Fam198a	-2.57001769684478	-2.51366723708902	0.0563504597557632	0.0296432106728453	0.0153232854404227	0.974866171301722	3.19332112047823	1.10076795522469	2.38916229762401	0.844647102211912	0.173047426479135	0.199980644583142	0.489449175525692	0.376234124562327	0.349554772645612	1.01290717992608
Fdft1	0.620491051140749	0.091296906945456	-0.529194144195293	0.0358833208234691	0.740167851869996	0.0632313566591798	5.14244905526968	4.74743146778698	5.78700626326377	9.70973383038776	8.22295276778546	9.43341533141824	6.28275368815742	6.44613365684493	5.14071084496595	6.76806521176447
Gap43	-0.929987610728877	0.641787867456914	1.57177547818579	0.0284785281151016	0.0497018276179926	0.00639018060736568	16.2429170684566	14.0972566950077	15.3712369509786	9.18935341322116	9.34612471143786	8.56956645126766	28.6385003057414	28.1329444386586	19.93852000164	16.6140466707122
Gla	-0.92345009683584	0.0130853446958233	0.936535441531663	0.0397936303803841	0.97969518797769	0.0418525927355953	11.3599745152735	9.70950411725441	11.7104198391971	7.35390352968474	5.05298713252988	7.33964789339395	12.6635986420527	15.6524364357562	7.48375036167253	9.814024718535
Gm2560	-0.896617698054089	-0.429207748363709	0.46740994969038	0.0455281437832839	0.235086898819396	0.268538283430905	3.67520617443386	3.64252235891504	3.26146001760529	2.06370984983342	2.31576973690434	2.0592819962413	2.77584680806381	2.7335793612946	2.87049340244954	2.82198552286013
Gnai2	-0.676984341177117	-0.529230685205729	0.147753655971388	0.0389539105827147	0.0515568890983606	0.671535656286557	40.244366075408	34.7706926555182	35.6671894541888	31.0478737722613	20.8355349954412	27.4191312283898	27.8634361065705	29.6248567062104	24.5445066550964	30.2241764054538
Gnas	-0.724931514536635	-0.593269840298846	0.13166167423779	0.0395390696077561	0.0452031115275816	0.738329334646915	16493.439959452	13137.0533376755	14951.377658531	11382.2352533444	9123.12195730999	10084.3499989502	11548.2705124362	11342.2287933022	8742.15130026593	11867.1365301408
Gnb1	-0.676675414316952	-0.358059266923441	0.318616147393511	0.0320157869756379	0.143889092976463	0.262553209831959	329.37198806344	281.128193514584	317.785047824632	230.853101161169	191.618536765444	237.973802803234	267.991828055539	275.192111283377	230.276507307827	262.465679642138
Gpa33	3.51156892073988	3.25309634150805	-0.258472579231827	0.0119452038804811	0.00721479104410743	0.798688531403572	0.131333984869368	0	0.251364770792105	1.57943930074937	1.72232473669063	2.48152334921607	2.08403916303053	1.28603207440576	1.13860987466569	1.18607413937995
Gprc5b	-0.858044837295934	-1.80583481118296	-0.94778997388703	0.021524595351915	0.000587664738537275	0.0165463151036433	245.689879209441	184.515257228697	231.941983937719	171.878232531575	112.025941513156	131.426355339751	69.9116330993099	76.3699944313794	55.7688937199262	142.169796778995
H19	-3.44349258383893	-4.56996529533702	-1.12647271149809	0.00601878753137658	0.000923490103327152	0.495433595072621	0.900709984192064	0.262296241073442	0.855054786010572	0.0419305295930378	0.0644290102160496	0.09927571306134	0.0428780460013291	0.0207525144755838	0.0173528290103896	0.256075517070423
Hao1	-1.39804721077688	-2.32929744480003	-0.931250234023144	0.0212471601052976	0.00113222142712042	0.0800425907802164	1573.19361546797	1078.84156540648	2157.93079607665	651.323054379358	574.705221288429	823.392471713339	254.623393101707	362.310876151978	376.174269496938	872.499473675872
Hdgf	-0.670733952135337	-0.368528823973203	0.302205128162133	0.0433477766615497	0.16754401225287	0.33312454755992	4457.57452298125	3799.49641828376	3726.40158468099	3138.73382304883	2503.61601220279	2938.65242036678	3339.19653752663	3319.90971693401	3230.13078758631	3383.74575817904
Hist1h1c	2.74229807161998	2.17875607428038	-0.563541997339605	0.0189137098816063	0.0187935797389983	0.5642047391205	0.765504122061429	0.580528304484821	0.724423156109551	6.91278701387826	3.37164550173875	5.65837512337065	6.22544151732599	3.01304693784794	1.09585761478883	3.14973436573402
Hps5	0.968860604634484	0.339741627162156	-0.629118977472329	0.0456058231888208	0.406424146519207	0.167557194312937	4.29848790826113	3.03260614474877	4.45630706817695	9.92320794708196	6.85222666050467	9.40246885039693	6.74343295786169	6.23676219817956	3.12118976298626	6.00740994424421
Idh3a	-0.774624515120913	-0.65840833426553	0.116216180855383	0.0264808429656678	0.021599540536085	0.751508505221542	25.3444734320374	25.6635789384784	28.5475069281145	18.0806867972199	16.8479406470165	17.8785849697192	17.9016499406232	20.8238584024839	15.3966521209283	20.7205480196246
Igfbp1	-2.21990410535707	-3.19584164184094	-0.975937536483874	0.0288512222770242	0.00477716222049918	0.415940997773438	0.331789598139057	0.2800597916282	0.41414600690709	0.100732951789217	0.0601933074386206	0.0851777563874931	0.0286136788012391	0.0914015104868933	0.00694800703717782	0.155451400957221
Jmjd8	-0.674210455524187	-0.586115991355557	0.0880944641686291	0.0393986833783359	0.0355551325571837	0.820811876510352	23.0365159465511	19.6447591222881	23.7016830038272	18.4971795825217	11.9266855890418	17.1644359556335	16.0226599659395	18.1386157436278	13.1485418166333	17.9201196362293
Kdm5b	0.725388776055516	0.465063839399755	-0.260324936655761	0.0487260985541416	0.124312667143682	0.477091409242405	31.2596864572337	18.5489993619784	22.5146057942413	52.363614374564	40.0870427339321	42.2582530698943	39.2967274764377	36.1693751352254	30.4752161926951	34.7748356218002
Klrb1a	3.44503881394917	2.86122832942916	-0.583810484520005	0.0281919286473039	0.0352171782974337	0.598905818323498	0.0109371926651894	0	0.04186616175743	0.220634453334794	0.20862727117578	0.361647240437739	0.277686393151464	0.0755984455896265	0.126427754218553	0.147047212481175
Lmo7	-1.21317141792256	-2.43851717148291	-1.22534575356036	0.012042696378195	0.000419295596699717	0.0127220029987075	10.9808119249837	10.9541336107423	9.63444902848852	4.7917511893887	5.70523738513358	4.89271768863777	2.16524964906573	2.10088184731922	1.98097594600904	5.91180091886317
Lpcat3	-1.04694100128517	-0.844419692494474	0.202521308790692	0.00786593207376528	0.00622071227831741	0.500442416184838	75.9106496103984	57.26702396098	63.5836160139604	40.1517154204494	32.3381081555983	35.3995165857142	39.9397587723563	41.8014223568221	34.9706976603837	46.8180565040736
Lrpap1	-1.10450278063076	-1.0188791300707	0.0856236505600605	0.024890430611701	0.0141589308732405	0.881678858887611	139.516273952268	171.741746037546	149.315010495119	78.7896531734224	89.6966179698031	74.782538421337	76.5831126237029	88.9650129267254	79.0968742461894	105.387426649568
Lrrc15	-1.66469741229947	-1.35212979976491	0.312567612534562	0.0433477766615497	0.0481471428526259	0.752106770835853	3.9540127691159	1.88845998213157	3.47793330616897	1.07700637564453	1.35400170249929	0.894136822956465	0.767603256550108	1.59911577204861	1.49922650948171	1.83461072184413
Lrrc27	-0.953019474515968	-1.30298826812009	-0.349968793604125	0.0314699976410234	0.00415388823547784	0.386686321589406	49.087155474894	44.4619415241147	37.5798590046773	26.0586395081883	28.0799010783608	22.3736558210365	21.2838318950539	19.5440691057138	16.3838297084231	29.4280981244958
Lrrc4	-0.878144122332417	-2.2827843657125	-1.40464024338008	0.0296428310018149	0.000419295596699717	0.00786952892542015	8.82482319845917	10.5609893389855	10.0838973799071	6.58094220070869	5.78346709443114	5.97098256993582	2.1525289388485	2.19591495970311	2.14706676187985	6.03340138253988
Lrrtm3	-1.41269465233024	-0.935612410784795	0.477082241545443	0.0122461165536802	0.023986536956004	0.279238174623246	111.048430637068	122.409414022282	107.957001484974	45.6118683155405	55.0134505115863	44.3453430081283	57.7982944810992	65.7750621707466	67.1286771434916	75.2319490861018
Mat2a	-0.954795807708284	-0.519466344840284	0.435329462868	0.0316848596110495	0.131279649015846	0.275184535197366	30.3575193560596	32.9741689760423	32.4490542672937	17.7216883178797	20.7338249429429	17.3408423566312	22.6989855624637	24.7872419312428	23.9385870875072	24.7779903108959
Mboat4	-1.19483114539412	-1.80796058014763	-0.613129434753513	0.0471638226544794	0.00506328852993654	0.281649890951721	15.5157613823236	7.80187465718428	16.4246959502519	7.89844158362614	4.41412247723674	7.27797935502754	4.48508372669454	5.16957035770509	2.42864870999947	7.93513091111659
Mcph1	0.879816719513688	0.807665137679188	-0.0721515818344998	0.0166452663574896	0.00931135242987381	0.85561093830774	26.1271728039128	18.4268555704614	27.9615331692856	50.8477555531571	44.6462360316169	54.8946869380726	47.8508546896294	45.5870347594687	40.9503416154334	39.6991634590042
Mettl2	0.806249131563439	0.80608855309585	-0.000160578467588397	0.0186961100665583	0.00761819001227016	0.99965825803462	4.89881839398419	3.94015426999888	5.40571966171685	10.6474482044595	8.28488255066862	9.26499078355428	10.0018149313156	9.23729436334118	7.35512776800417	7.67069454744925
Mfsd7b	0.714032189499078	0.823064939834688	0.10903275033561	0.0480601358463877	0.0143486094106847	0.800344470798476	12.4799349587049	10.6129510433031	13.882339522327	21.302428840141	25.0517413279621	21.5147145421352	24.7627880608939	23.3226782654306	21.495297255543	19.3805415351601
Micall1	0.794953189654672	0.951062677536012	0.15610948788134	0.037010062453114	0.0088897331364466	0.701280727262193	7.94819302209202	8.37141474276302	7.56657825052293	18.1910252621416	11.659753030349	18.0396426454241	16.9727983016911	16.6278633376789	15.9104787621041	13.4764163727519
Mirg	-1.3603898246634	-1.2716859763079	0.0887038483555023	0.0236208218152138	0.0125901444062016	0.903342102384038	0.977830969442032	0.835117459145161	1.25302505235276	0.410272617808517	0.395257564765051	0.545157277145517	0.572710403703203	0.522140493565238	0.27489832555752	0.642934462609444
Mylip	1.17796697329249	1.08101701718053	-0.0969499561119576	0.0308200900824072	0.0197299032779823	0.880776865768526	2.42653895717972	2.06333337043832	2.12099101931927	5.87046973733242	5.92245988174509	5.06924697490552	6.85205342774359	4.90844764684103	3.36813857871223	4.28907551046858
Neu1	-0.720320363459161	-0.0705562401295627	0.649764123329598	0.0468581676354818	0.850426995244252	0.0710578178556838	79.720552074461	55.0068359189787	74.8701092139276	53.6976297582013	39.5264058672242	50.8149933015657	77.0556958833633	85.268914007831	51.3044323876525	63.0295076014673
Nfasc	-0.619774609410065	-0.511703918192123	0.108070691217942	0.0483466355000832	0.0542795239787351	0.767930101310641	118.571925063359	101.642008473444	96.5315216093067	85.6536761803661	70.1012064076737	79.0695937885551	85.6008128073876	86.576891367856	66.5999088963351	87.8163938438093
Nfrkb	0.733259911067485	0.132021960774667	-0.601237950292819	0.0478873207918345	0.70917384182546	0.0957669380626563	8.88843950635138	5.93444950448636	8.88342774954612	18.1844200021412	10.9130222688618	15.7013143336068	10.9256385927289	8.93541659915334	7.73571787872284	10.6779829372887
Nol4l	0.661750996314829	0.117289966322102	-0.544461029992726	0.0391518480145741	0.69446272759388	0.079769936703857	622.588755273238	513.262079369606	673.906665359354	1104.78305247314	960.655090066665	1177.30423471956	774.042932091719	667.467839558762	645.643553929747	793.294911426866
Nov	-1.09250208165453	-2.63143577317796	-1.53893369152343	0.0251500743431275	0.000419295596699717	0.00865439095739904	77.1744595643829	45.6381403930821	59.7115167553772	40.4143110276295	27.3853795253427	28.7560522467963	11.3273991670139	12.5383435104775	7.5755510327757	34.5023503580975
Nsf	-0.723567581510171	-0.845094041087407	-0.121526459577236	0.0451529625904709	0.0124183676568182	0.771113879377947	117.600771207172	118.941147610964	118.827923642992	84.8621783529493	79.1562910270354	80.692300984295	68.7779920616691	70.4598194170637	71.7296860728162	90.1164567085507
Nt5dc2	-0.910395165195349	-1.1849374954102	-0.274542330214851	0.0166452663574896	0.00220130026739569	0.385629762680745	58.7109750449122	42.0662949393927	46.4148455780208	32.0971923427561	28.4956777524668	27.6743543077339	22.8706699162105	25.1658825540579	20.8030467019875	33.8109932375043
Ntsr1	-1.4501479563226	-1.8480964100384	-0.397948453715799	0.0395390696077561	0.00897073311781972	0.621212621294318	22.6854202326281	21.0692631593879	17.3673720865746	9.77841452945329	8.34731977086854	7.27621883752511	5.11079433207294	9.67918559771458	3.77698413315028	11.6767747421528
Nuggc	1.8861754306169	1.98362182444661	0.0974463938297103	0.0374992504735381	0.0150102133436652	0.920073142273949	0.08247925371246	0.0428907643394995	0.0631439873697824	0.338253677717873	0.224756312277108	0.241184855063596	0.39264017240915	0.230755125900207	0.181602565810277	0.199745190511106
Nupl2	0.90001874281581	0.742372706320234	-0.157646036495577	0.0324036965337061	0.0335964459024247	0.722557050076653	4.77864176196565	4.18305582584824	5.64439592813672	9.87823584444146	10.0512164190971	10.8564492428074	10.3451921140248	9.00466735137384	6.87191912261338	7.95708595670095
Ogfod3	-0.935615611838931	-0.762476269506024	0.173139342332906	0.0122461165536802	0.010555751095062	0.593256357183472	4.76856327677922	3.75555228476693	4.595484214532	2.87253816397016	2.40113080194143	2.47948282773151	2.93353314711443	3.05948587242012	2.27296964049588	3.23763780330574
Otud7a	0.753027713977427	-0.114753691902048	-0.867781405879475	0.0361194442444134	0.732204931777059	0.025525913667264	3.47801068346248	2.79333012759035	3.23324844674667	7.18961820368749	4.5018570069788	6.63681026230666	3.45593944451147	3.21489856736827	2.70418646292537	4.13421102284195
P2rx4	-0.712457274985654	-0.734023938599345	-0.0215666636136904	0.0472525350316294	0.0222775472689231	0.963920487645476	20.9544777925931	17.0467671911039	15.9004200550391	13.9179565058702	11.7338311088343	11.685425327281	12.2277443161118	13.4719258242554	9.17507190081838	14.0126244468786
Parp3	0.677407793895237	0.701090519788464	0.0236827258932276	0.036799965025769	0.0154172138994056	0.955623285342903	0.897132458992373	0.80598403926843	0.929944087659419	1.82332446015198	1.34719350164051	1.6292721260102	1.67975374309842	1.5944625152365	1.31031377229268	1.33526452270561
Pcdhb3	-1.58137453578144	-1.20822507305822	0.37314946272322	0.0410230201792025	0.0571241090829002	0.651613559831811	1.90157526172785	1.40369774201998	1.60525136722531	0.353421072357557	0.784412300092121	0.700152887820107	0.573662589558823	0.724657474250784	0.926327860546455	0.997017617288776
Pcgf1	1.02411209458495	0.29822013226803	-0.725891962316923	0.0479616359739685	0.514994491656882	0.143476471492754	4.39185874728958	3.63339647257195	6.24425968647946	11.68303521848	8.70387891303931	12.5956477526871	7.44427313824816	7.49062822757858	3.98337285956077	7.35226122399277
Pik3c2g	1.54633825189235	0.156090940361642	-1.39024731153071	0.006067818459666	0.672665922339108	0.00827493441914533	2.8118747900289	2.28155383056385	3.12999756653717	8.96762206386292	8.24703767706953	9.93465309561536	4.33876766156433	2.89152612130725	2.58400935684088	5.02078246259891
Plk1	-0.780127072944186	-1.5835965711386	-0.803469498194417	0.0280634361274315	0.000892561936023505	0.0270491883206996	220.769112050638	240.566498859463	249.341665242942	173.344621203945	127.85058499963	174.198291480749	87.9743451232319	84.8395283072406	81.1438441852449	160.003165717009
Polr3e	0.770861162961049	0.806014830666326	0.0351536677052774	0.044560629116597	0.0191643786059336	0.945228421894174	100.753418831724	89.5523083064912	116.756351909121	219.073040280425	146.404187547604	234.106313643364	227.668131585057	200.739072522322	148.384040867842	164.826318388217
Prdm15	0.739349993521398	0.854286320816012	0.114936327294614	0.0257567472600989	0.00627968323096555	0.738038794176701	3.05784419715727	2.77166996968154	3.36903810409942	6.40409927957915	5.38563866160901	5.61914433895288	6.20139736001805	6.3138901329947	5.25142596648426	4.93046089006403
Prmt6	0.850575054481972	0.0661379666068785	-0.784437087875094	0.0311338841528007	0.867126893045543	0.0427657237535965	5.38119270634435	3.07266673532259	4.63129922308655	9.95124232113664	7.64536841525317	8.95297962672222	5.35780744539254	4.95664341538779	4.17852397454831	6.01419154035491
Prob1	0.685015835830769	0.097447164018758	-0.587568671812011	0.0395390696077561	0.760067131876866	0.0710578178556838	6.25340252383727	4.02150027245028	6.05953567469906	10.5077968127844	8.52027405183527	10.5637540166686	7.06662851502984	6.12337791153126	5.335379907671	7.16129440961189
Ptprj	-0.929772817128018	-0.832997820169582	0.0967749969584358	0.0438125412751564	0.0351741490550247	0.865648438925732	46.2588402458657	47.3497771267237	43.6709267764814	26.8381010662997	27.5746479915038	27.4716773970276	25.2643421898889	23.6069340772579	32.6422289549648	33.4086084251126
Rad54b	0.726098889765773	-0.0827110060162815	-0.808809895782054	0.0444037634047884	0.819524431242996	0.0341930016244199	4.98422186089156	4.71058024319926	5.32110386130048	8.961863698526	9.56738434357404	9.51476427975003	5.38760912780166	4.44599599685142	5.22409266261512	6.45751289716773
Ranbp17	0.78298576700999	0.278608167843392	-0.504377599166598	0.0389539105827147	0.375756496103116	0.155850323434521	5.89520533419836	4.96617055136293	7.44537074299676	11.6437087296095	10.3706998803388	13.6279399763731	9.53340451354227	8.26206113644492	6.00430419901054	8.63876278487524
Rbm22	0.627729947285855	0.438828485531041	-0.188901461754814	0.0364843907364074	0.0702890547199721	0.520383945779774	27.6009343201712	21.8446362254005	28.2078925988344	46.5990212616534	41.2416095417844	47.7474002619266	41.0648401494885	35.3407676837309	35.3083297237412	36.1061590851923
Rev1	0.632163265409946	0.299992011616687	-0.332171253793259	0.0375197586035772	0.214908329102701	0.231966908433041	82.645200982167	81.187717863448	83.6206804168403	159.59557774435	132.767915191924	144.742634230768	113.568718319819	108.582863887089	103.597279080693	112.256509746344
Rian	-1.05389771486826	-1.08959629591322	-0.0356985810449596	0.0348744640637491	0.0143486094106847	0.956214326417817	169.991659261341	122.638609392362	159.204936610032	72.4527476553679	95.6125690188568	73.2842839866174	74.2255801308606	94.4770632601402	58.1139063493095	102.222372851654
Rpp38	0.897718650890483	0.744059015472809	-0.153659635417673	0.0241685768926512	0.0211444018577547	0.695744367793047	3.52192877704116	3.47030136906499	4.19146053959724	9.0029691877161	7.52083103225866	7.10235498228251	6.8788753767813	6.31657376325667	6.71440672377149	6.07996686130779
Rsad1	1.0059402236278	0.763099828132135	-0.242840395495665	0.0289718658305758	0.038501369588116	0.580481581181826	4.72708948520505	2.63898027577796	3.69539410578993	9.33270691155135	6.62776624461905	9.14662573631324	7.6419238974072	7.56766126244612	4.82076633336416	6.24432380583045
Scyl3	0.857184634104392	0.73248804599696	-0.124696588107432	0.0139351142583748	0.0100100737403782	0.698240463006203	10.6717075270499	8.38222155086355	10.3341330928622	20.6479783269711	19.2236345547059	20.1744639242865	19.7476274504865	17.2461446293123	15.0976078733002	15.7250576588709
Serpind1	-2.28504885744368	-2.2336946380119	0.051354219431787	0.013328025913227	0.00555359399406738	0.959878959413306	2.18696939609256	3.20088804209125	2.87479547911929	0.451672604545489	0.8815988108836	0.586306889800578	0.474362403281669	0.694800694714306	0.712329742598548	1.34041378479192
Sik2	0.648533985605235	0.246658368272707	-0.401875617332528	0.0372688144181362	0.331818463212491	0.163073620145367	4.91976004556284	3.85515257761241	5.02526520058021	7.60886546012357	7.69281780882643	9.08740514843244	6.23192080807841	6.07513058457115	5.12407323621707	6.1800434300005
Slc16a1	-1.01743757573589	-0.260852650220692	0.756584925515197	0.04759338458719	0.567640495872261	0.127368697391333	311.917158016625	153.400511716707	294.322789625063	156.92925727005	114.797613480418	148.524221358956	272.717014487473	256.680964383604	145.087307791464	206.041870903373
Sod2	-0.692037503633309	-0.405397555396006	0.286639948237304	0.0472525350316294	0.154618496561094	0.393742962114857	100.328623901497	102.249078690109	114.836675192191	72.0597806165342	78.5333040238548	71.0815322879257	90.6261424354598	90.1435432601576	76.1890182552407	88.4497442958855
Spag5	-0.711070324339135	-0.67747163333842	0.0335986910007156	0.0285444749350021	0.0146777360941125	0.936855110202247	26.0981199143385	25.9158473013637	31.0619118577333	20.6929294491151	16.1983688651328	21.0373696534231	19.3310926656954	19.9418467306784	16.3376817295332	21.8461297963348
Spice1	0.721131018270095	0.198083842337219	-0.523047175932876	0.0343046055253113	0.485342998018339	0.0987419177623301	18.1777738765909	13.9304193434333	18.1279869224829	33.519619878792	27.5525528247125	32.6470226922897	21.301599384861	18.4955459829321	21.0239973157172	22.7529464690902
Srpx2	-0.950890187250104	-1.51174502453005	-0.560854837279946	0.0175463814248715	0.00108720972652751	0.101349115313117	11.5353985536933	10.9488273588721	10.0344816500208	7.38217950000866	5.21988112917833	6.69519781997541	4.11965900075296	4.30029427797392	3.79859000751244	7.11494547755421
Stamos	1.74996300599893	1.52633514852832	-0.223627857470616	0.037856929930531	0.0349511220419824	0.797984530553711	0.695543544868315	0.234432420652806	0.739569697082903	2.12865014402957	2.25732001162214	2.12951087333229	2.63662902836946	1.42448391815422	1.19112437622259	1.49302933492603
Sult1c2	-1.07556725426113	-0.68861253676439	0.386954717496738	0.0166452663574896	0.0387510856924857	0.293051463644215	9.64798977178572	9.33316412161962	10.2702233718199	5.51756407745119	5.44644531600795	4.71439062016425	6.5584226867005	8.0833221837413	4.93560838196761	7.16745894791756
Susd1	-0.718897099459946	-0.493011971831742	0.225885127628204	0.0475343742266987	0.098591978912526	0.542283201071769	21.0163311063053	19.5148777914677	19.5899611160138	13.2876325711127	13.0058802638003	15.2195795824855	14.7971244551343	15.3859955149962	15.29946047011	16.3463158746029
Syp	-0.943133709833511	-0.483428022803901	0.45970568702961	0.0383771351187097	0.181063345467211	0.274883869165963	95.2374919577715	86.3398610849621	89.9386873816682	67.61859422683	37.2835234228941	58.021752701528	74.3361332125856	86.7119181336311	49.1130996942947	71.6223402017961
Tecpr2	0.919867212038594	0.469824741732009	-0.450042470306585	0.0292743389876389	0.14383658915359	0.222249552164649	30.3643209688016	24.0599884824504	36.1265873585714	72.0757610805449	44.5575439368108	79.1901349788839	50.4394164337712	41.3021972234996	41.2117385034865	46.5919654407578
Tecr	-0.998684158769346	-0.985488201912703	0.013195956856643	0.0101048429569904	0.00354774594169288	0.974866171301722	39.8144763855695	33.4530983752161	34.0023002570891	23.3682694667372	17.3173374107756	20.5539904388483	20.648355202937	21.1317110385141	16.331813299417	25.1801502083449
Tgtp2	-1.43898523325187	-2.70661571753692	-1.26763048428505	0.0187767723430026	0.0009368405301362	0.0446282115073304	0.582514050770703	0.631324809445957	0.788002960089659	0.2720539216686	0.242726343630641	0.325028948919478	0.0897424527400962	0.149848627565585	0.0926133123038107	0.352650603014948
Tifa	3.09716816601529	3.29848758471701	0.201319418701727	0.0433477766615497	0.0155916582080962	0.883138001401607	0.0739680117943731	0	0.113256000564569	0.717378041099846	0.837746810412675	0.58233641424888	1.34980346919308	0.34084716777505	0.534392708293997	0.505525402598052
Tll1	-2.13547271413991	-3.57171063223345	-1.43623791809354	0.0241685768926512	0.00181187429224278	0.137138973179396	2.57360192428152	3.44240160542995	2.94766776979586	0.84903487936626	1.0630056198004	0.430756082302465	0.369797734602681	0.140069847239654	0.27328827679566	1.34329152662383
Tmed10	-0.791350854956457	-0.104673968802274	0.686676886154182	0.0251500743431275	0.734977620168816	0.0408950328360826	108.48466756657	73.42241134778	99.9887642355518	65.5404192605103	53.6743220974055	64.5216169527408	100.319607317626	97.126640520652	80.7770496063994	82.6506109894706
Tmem106a	-0.739976883414443	-1.6155800651582	-0.875603181743752	0.0471638226544794	0.00112917394755274	0.0325480231759269	6.50460644165715	5.36777686836027	7.25545498173866	4.327757209567	3.85651518549519	4.77680554614473	2.49717712944773	2.01434492161616	2.10544263406475	4.30065343534352
Tmem63b	-0.621867472280339	-0.698908455007947	-0.0770409827276081	0.0395390696077561	0.0126013442630416	0.831830017617332	20.5260853561804	15.9870509088099	19.8035443677364	15.5712780230962	11.9351097449704	13.9963488493218	12.3141844516796	14.2264380154885	10.4590343012828	14.979897113174
Tnfaip2	2.75305397525631	3.43511301879437	0.682059043538059	0.0243688131896892	0.00272384292711062	0.349759752850954	0.0135069370259305	0.0327780202330717	0.0206811245878418	0.188635531730591	0.112719783880319	0.212675211469294	0.30006384156907	0.357882501284006	0.143121498626911	0.153562716711893
Tnfaip8	-1.0245773244337	-2.75208921837881	-1.72751189394511	0.0410230201792025	0.000627752511722676	0.0100349910286977	2.77644448860645	1.72654822268458	2.19199841869387	1.45856315576135	1.17920442475387	1.06104470154201	0.371733358034118	0.453119156313135	0.239591566938331	1.27313861036975
Trit1	0.947786845789987	0.34538765681068	-0.602399188979307	0.0311338841528007	0.32074120496325	0.131573702228197	14.2967917318863	8.61038923854995	15.9784739650014	34.2223747565835	22.5600937909232	27.8240586004724	19.3745952954158	17.3115625212628	15.447315225184	19.5139616805866
Tspan13	-1.04389805475336	-0.909206271992118	0.134691782761241	0.0395390696077561	0.0351741490550247	0.821496226619559	17.7389538828176	15.6910997262628	17.1542970270556	7.54988108564023	11.523074818847	8.20372664512857	8.8079757549189	11.0039439694672	8.90604531652638	11.8421109140738
Tspan6	-0.774890605538386	-1.06110106465499	-0.286210459116604	0.0486304069935031	0.00758588725255162	0.462091021703165	22.2499379762197	15.917843143828	25.5812180192101	15.4460787807277	12.2994947541606	14.2081403016615	11.5941070661283	13.4492082274756	7.6195659642312	15.3739549148492
Tstd2	0.854487636499117	0.568403856724409	-0.286083779774708	0.0165707156026921	0.0331105187615481	0.325625316303262	11.4280481532095	8.8147080481629	12.9005394807784	25.470405134601	18.8229114720225	23.5988139937615	19.4665058385412	16.8068619566904	15.8607942102341	17.0188431431113
Usp30	0.689665707561381	0.3545641313905	-0.335101576170881	0.0459392345542998	0.208138207618751	0.304531318433136	22.7200280438144	15.6946336352826	24.1964188528821	42.3246477859517	32.5396480001601	39.1094870427616	34.2976453184246	27.3398232094713	23.511078005039	29.0814899881986
Uxs1	-0.966343963467657	-0.662261892481537	0.30408207098612	0.0118891788327051	0.0201967043024389	0.31251334948457	127.837089599508	102.549143825758	122.954979698632	71.7151461438034	66.6649478926642	65.5323586542817	74.9563929877259	90.9893727668794	71.656186175822	88.3172908605638
Vsig10l	1.45215626842265	0.573556130902261	-0.878600137520388	0.0480772567386198	0.386544549894071	0.180998618148457	0.243476130463707	0.295428397840614	0.372798079876935	1.0389943859159	0.580539292051984	1.24594752061646	0.660021009852037	0.397356040327229	0.390895306128777	0.580606240341516
Wdr76	0.767884449218213	-0.143650949636288	-0.911535398854501	0.0238774878679223	0.602624837219141	0.0133526984371797	16.363799309062	15.9380658492287	18.4643086224294	32.8294210577244	31.0437283456489	34.1670430010858	16.4704340041054	16.4875924836208	15.9858543125638	21.9722496650521
Zdhhc9	-0.905625151838732	-0.373302603676599	0.532322548162134	0.0156516296264384	0.153023765662939	0.0887298228382818	17.519302732253	17.1886379759606	17.0610445459661	10.5096287666276	9.96310797019008	10.9654979148037	13.8895500519648	14.7375545093969	14.0401026393103	13.9860474562748
Zfat	1.02184101082523	0.455013884599516	-0.566827126225714	0.0180450066712563	0.142051138708792	0.116820368270053	4.31559645700236	4.53273437837314	4.60980221558739	11.6465447388803	8.11406410959825	11.643120891261	7.82252399114512	6.15064125930774	5.8495925899448	7.18718007012223
Zfp316	1.2634960975717	0.154386495165996	-1.1091096024057	0.021524595351915	0.743327970288035	0.0339556696411586	5.20250211491955	3.65828102814336	4.83328111298998	15.8206697060065	7.56715864942659	14.3844950120288	6.14213053810599	4.51784608978071	5.42639349603586	7.50586197193748
Zfp553	1.12017734030605	0.0921110713743133	-1.02806626893174	0.0274944077260286	0.848495943820869	0.0362452765065318	4.40813534204542	2.41069572637941	4.19863837461398	11.5558214988701	6.0777626050409	9.55322274589588	4.80559687465928	3.98150752407885	3.60170935067056	5.62145444913938
Zfp59	0.790508208274006	0.398426910719684	-0.392081297554322	0.0267161418014988	0.138159312020475	0.201743379395267	1.56988728864974	1.19487019139695	1.57699279705975	2.96759548960063	2.65427317870893	2.85015968322917	2.32128469275052	2.00581729416054	1.76887503547923	2.10108396122616
Zfp592	0.779385166735333	0.20698748987714	-0.572397676858194	0.0181504489819311	0.400162470046929	0.0518650443744892	8.13800369059854	7.52860032779198	9.74121263363027	18.181840144282	14.0331181653988	17.4083590145069	10.9087640248118	11.115391869033	9.27713954000043	11.8147143788949
Zfp61	0.970750020521061	0.396689212545996	-0.574060807975065	0.0251746908353898	0.219749566198519	0.131139378816742	9.0854296536865	8.93418566465758	9.04883447086307	24.7724117888738	14.7586317367984	21.5939678151519	14.0411796290003	11.1857552876611	12.7752393675806	14.0217372682526
Zfp658	1.1411586254082	1.05506380436063	-0.0860948210475675	0.022806989571171	0.0126012668637483	0.880056176317343	2.12643866984527	2.13222572626552	2.22712132160219	5.40787305567601	5.08783998940745	5.76636393105354	5.19030470101442	3.84463009726256	5.24894534154693	4.11463809263043
